94455.0
57505.0
20555.0
36840.0
53125.0
36840.0
53125.0
36840.0
53125.0
36840.0
53125.0
36830.0
53125.0
36840.0
53125.0
37570.5
22120.0
37622.5
22120.0
22068.0
22120.0
31815.0
41510.0
47317.5
53125.0
37570.5
22016.0
37570.5
22016.0
37570.5
22016.0
29421.5
36827.0
34138.5
36827.0
44976.0
36827.0
44976.0
36827.0
34212.5
36827.0
34212.5
31598.0
34212.5
31598.0
34212.5
31598.0
34212.5
31598.0
39289.5
46981.0
34550.5
22120.0
34550.5
22120.0
34550.5
46981.0
49140.0
51299.0
34186.0
17073.0
34186.0
51299.0
47272.0
45843.0
48571.0
45843.0
48571.0
48240.0
47041.5
45843.0
44544.0
43245.0
44364.5
43245.0
44364.5
45484.0
45663.5
45843.0
45663.5
45484.0
44742.5
45484.0
44742.5
45484.0
44742.5
45484.0
44742.5
45484.0
44742.5
44001.0
34197.5
44001.0
42224.0
40447.0
32420.5
24394.0
18921.5
13449.0
30844.5
48240.0
45427.0
30409.0
24947.5
19486.0
41629.0
19486.0
16126.0
12766.0
21442.0
12766.0
30193.0
47620.0
61522.5
47620.0
61522.5
75425.0
74417.0
56623.0
74417.0
56623.0
74417.0
56623.0
74417.0
86940.0
89575.5
86940.0
86613.5
86287.0
86613.5
86287.0
86613.5
86287.0
83908.5
81530.0
78127.5
76966.0
75845.5
74725.0
58716.0
42707.0
58716.0
71057.0
56882.0
69067.0
70062.0
71057.0
70062.0
69067.0
66099.0
63131.0
64912.0
69067.0
70062.0
69067.0
66438.0
71057.0
65443.0
69067.0
66438.0
61819.0
66438.0
61819.0
45748.5
29678.0
39851.0
29678.0
39851.0
29678.0
45748.5
61819.0
51854.0
29678.0
51854.0
29678.0
28071.0
26464.0
28197.5
26464.0
28197.5
26464.0
36496.5
46529.0
36496.5
46529.0
44887.0
46529.0
45106.5
46529.0
49009.0
46529.0
50721.0
46529.0
45106.5
43684.0
45106.5
43684.0
66112.0
74425.0
81482.5
74425.0
81482.5
88540.0
60065.5
35597.0
44479.0
53361.0
37911.5
22462.0
41922.0
22462.0
19179.5
15897.0
37747.0
15897.0
16370.0
16843.0
16370.0
16843.0
45581.5
16843.0
47019.5
16843.0
47019.5
16843.0
23480.5
30118.0
37263.5
30118.0
37263.5
30118.0
37706.5
30118.0
36031.5
30118.0
22445.5
14773.0
50950.0
14773.0
50950.0
14773.0
50950.0
87127.0
42730.0
13751.0
42730.0
13751.0
42730.0
13751.0
15904.5
13751.0
15904.5
18058.0
55851.0
93644.0
78447.5
63251.0
59906.0
56561.0
42340.0
28119.0
42340.0
28119.0
42340.0
28119.0
28013.5
28119.0
28013.5
27908.0
27221.5
27908.0
28013.5
28119.0
42340.0
28119.0
32620.0
28119.0
32620.0
28119.0
32620.0
37121.0
45680.5
54240.0
55400.5
54240.0
55400.5
54240.0
55400.5
56561.0
58090.0
56561.0
58090.0
56561.0
55400.5
56561.0
58090.0
56561.0
57646.0
58731.0
59175.0
59619.0
61435.0
63251.0
63580.0
63251.0
63580.0
63251.0
63580.0
63251.0
61764.0
63909.0
68060.0
59619.0
68060.0
59619.0
68060.0
59619.0
68060.0
59619.0
62988.0
59619.0
61348.0
63077.0
61348.0
63077.0
61348.0
63077.0
61348.0
59619.0
61348.0
59619.0
43869.0
59619.0
61307.0
59619.0
45557.0
62995.0
63036.0
62995.0
46202.0
29327.0
34164.0
39001.0
50998.0
39001.0
50998.0
51368.0
47237.5
51368.0
50696.0
51368.0
51836.5
53649.0
56146.5
53652.0
56148.0
53652.0
56146.5
53649.0
56146.5
58644.0
56146.5
53649.0
34231.5
14814.0
34231.5
53649.0
37528.5
21408.0
22052.0
21408.0
37528.5
21408.0
28912.0
21408.0
37528.5
21408.0
24164.5
21408.0
20745.5
20083.0
36866.0
20083.0
36866.0
20083.0
20486.0
20083.0
17448.5
14814.0
48033.5
81253.0
50156.0
13837.0
17391.0
13837.0
17391.0
13837.0
52111.0
13837.0
52111.0
13837.0
52111.0
13837.0
52111.0
13837.0
52111.0
13837.0
19910.0
25983.0
57261.5
25983.0
58178.5
27817.0
63530.5
38521.0
28630.5
18740.0
28630.5
18740.0
24574.5
30409.0
34322.5
30409.0
42692.5
30409.0
30229.5
30050.0
56897.0
30050.0
56897.0
76353.0
47299.5
10855.0
18850.5
26846.0
36165.0
26846.0
18850.5
10855.0
18850.5
10855.0
44696.0
10855.0
19625.0
10855.0
11078.5
10855.0
15044.0
10855.0
13046.0
15237.0
46216.5
15237.0
46216.5
15237.0
46216.5
15237.0
46216.5
77196.0
68396.5
77196.0
68396.5
77196.0
34489.5
9382.0
9808.5
9382.0
42403.5
9382.0
11415.5
13449.0
11262.0
9075.0
12118.5
9075.0
31348.5
9075.0
11515.0
9075.0
11515.0
9075.0
14721.5
9075.0
24282.5
9075.0
24282.5
9075.0
24282.5
9075.0
15651.5
9075.0
33678.0
9075.0
19495.0
9075.0
43297.0
9075.0
43297.0
77519.0
74689.0
77519.0
56004.5
40150.0
56004.5
71859.0
43738.5
9536.0
43738.5
77941.0
62605.0
33962.0
26099.5
18237.0
26099.5
33962.0
28849.5
33962.0
33910.5
33859.0
29422.5
33859.0
29422.5
24986.0
29422.5
33859.0
33910.5
33962.0
42041.0
33962.0
42041.0
50120.0
51418.0
50120.0
51418.0
52716.0
51418.0
52716.0
53155.5
53595.0
53155.5
52716.0
53155.5
53595.0
54787.0
55340.0
55659.5
55979.0
55659.5
55340.0
54467.5
53595.0
53155.5
52716.0
43287.5
52716.0
53155.5
52716.0
43287.5
52716.0
51874.0
51032.0
51874.0
52716.0
52183.0
52716.0
52183.0
52716.0
53155.5
53595.0
54467.5
53595.0
53155.5
53595.0
53155.5
53595.0
53155.5
53595.0
54467.5
55340.0
54467.5
53595.0
53155.5
52716.0
53155.5
53595.0
53155.5
53595.0
54467.5
55340.0
55659.5
55979.0
56794.0
55979.0
55659.5
55340.0
54467.5
53595.0
53289.0
53595.0
53289.0
52983.0
41462.0
52983.0
53289.0
52983.0
53289.0
52983.0
42656.5
31718.0
30829.5
29941.0
30020.5
29941.0
30020.5
29941.0
23269.5
16598.0
23349.0
16598.0
14486.5
12375.0
21237.5
12375.0
23941.0
12375.0
26572.0
12375.0
18421.0
12375.0
18421.0
12375.0
21457.5
12375.0
26572.0
12375.0
26684.5
12375.0
27856.0
12375.0
27856.0
12375.0
27856.0
12375.0
30512.0
12375.0
30512.0
12375.0
9729.5
7084.0
40518.0
7084.0
12308.0
7084.0
17871.5
7084.0
17871.5
7084.0
27376.5
7084.0
15456.0
7084.0
26110.0
7084.0
20265.0
7084.0
11449.5
7084.0
11449.5
7084.0
11948.5
7084.0
14000.5
7084.0
16168.0
7084.0
44441.0
81798.0
59293.5
38632.0
59293.5
58122.0
59293.5
38632.0
57042.5
78931.0
57042.5
79955.0
83061.5
79955.0
79624.5
73081.0
78013.5
69859.0
78013.5
86168.0
75121.0
80383.0
78013.5
86168.0
75121.0
69859.0
57256.5
54615.0
67499.0
54615.0
64942.0
49501.0
57256.5
34130.0
38087.0
34130.0
38087.0
34130.0
32348.5
30567.0
32348.5
30567.0
32249.5
33932.0
35122.0
33932.0
39108.5
33932.0
31462.5
28993.0
36639.0
28993.0
37169.5
28993.0
37169.5
28993.0
39437.0
49881.0
58334.0
55389.0
61088.0
55389.0
61088.0
66787.0
75030.5
55389.0
74564.5
54457.0
51425.0
48393.0
39407.0
30421.0
39407.0
30421.0
38187.5
30421.0
25488.0
20555.0
25488.0
20555.0
27873.0
20555.0
25488.0
30421.0
35184.0
30421.0
62458.0
30421.0
17970.0
5519.0
17970.0
5519.0
13120.0
5519.0
13120.0
20721.0
34480.5
20721.0
34480.5
20721.0
54303.5
20721.0
54303.5
20721.0
54303.5
20721.0
20783.0
20721.0
20783.0
20721.0
57321.5
81439.0
48371.0
2820.0
48371.0
2820.0
7169.5
2820.0
7169.5
2820.0
7617.0
2820.0
48657.5
2820.0
48657.5
2820.0
4732.5
2820.0
31573.0
2820.0
44770.0
2820.0
13085.0
2820.0
49735.0
93745.0
69080.0
82193.0
89421.5
82193.0
51280.0
5910.0
7885.5
5910.0
7885.5
5910.0
24955.0
5910.0
24955.0
5910.0
24955.0
5910.0
24955.0
5910.0
24955.0
5910.0
24955.0
5910.0
16722.5
27535.0
46326.0
65117.0
61309.0
30706.0
61309.0
71794.0
58449.0
24986.0
58449.0
24986.0
58449.0
24986.0
56270.5
82008.0
58417.0
24922.0
58417.0
91912.0
77513.5
57510.0
59989.5
22462.0
59989.5
22462.0
59989.5
22462.0
59989.5
22462.0
59989.5
22462.0
59989.5
22462.0
59989.5
79277.0
64315.0
31113.0
64315.0
31113.0
64315.0
31113.0
64315.0
31113.0
64315.0
31113.0
56707.0
97424.0
92754.5
87992.0
92754.5
87992.0
83342.5
69168.0
83342.5
69168.0
65504.5
33492.0
65504.5
62918.0
62956.0
28395.0
19848.5
11302.0
19848.5
11302.0
40111.5
11302.0
40111.5
11302.0
15370.0
11302.0
44204.5
77107.0
80852.5
77107.0
56496.5
28395.0
56496.5
28395.0
23239.5
18084.0
22051.5
26019.0
10902.0
3720.0
10902.0
3720.0
40669.0
3720.0
4091.5
3720.0
42200.0
3720.0
42200.0
3720.0
42200.0
80680.0
63122.5
71351.0
65998.5
80950.0
45457.5
10235.0
45457.5
10235.0
6466.5
2698.0
32771.5
62845.0
31471.0
53560.0
67227.5
53560.0
67227.5
59164.0
69556.0
58217.0
48028.5
80895.0
75664.5
67115.0
75664.5
67115.0
73688.0
69738.0
76976.0
69738.0
49084.5
13955.0
21810.5
13955.0
22441.0
13955.0
34769.5
13955.0
34769.5
13955.0
47661.5
13955.0
27602.0
13955.0
49084.5
84214.0
68626.5
82030.0
85539.5
73316.0
51060.0
90377.0
59995.5
93543.0
72691.5
47620.0
25264.0
2908.0
3111.5
2908.0
21587.5
2908.0
43383.0
83858.0
85721.0
83858.0
61223.5
34863.0
61223.5
